70
13 2 QK6285 847 523 212
2 10 NS3621 705 269 362
10 3 BN9806 489 41 248
3 1 GG0647 541 37 566
1 12 OG4148 486 154 958
12 8 OK8580 865 322 686
8 20 KE5400 211 185 591
20 5 PN9528 681 513 313
5 16 OA0665 883 651 336
16 19 WS2247 385 301 227
19 6 QA1016 161 1 849
6 15 GA2685 202 100 614
15 14 AS0892 637 205 692
14 11 UM8068 589 61 362
11 17 CD8661 793 644 189
17 7 AA7895 471 71 188
7 4 UY8442 171 1 449
4 9 GU4743 535 314 293
9 18 LO0066 507 20 155
18 9 ZK0882 665 313 929
9 4 RG4876 715 251 313
4 7 OO5808 817 637 172
7 17 BK6106 571 341 527
17 11 UX2616 766 676 492
11 14 QS0000 864 461 267
14 15 MY0546 687 355 551
15 6 QK0000 762 541 358
6 19 AQ5852 825 561 223
19 16 AD0006 592 82 920
16 5 AC0804 756 601 958
5 20 VA8470 505 421 340
20 8 AW0562 283 28 569
8 12 AO4031 636 373 255
12 1 UO8361 517 186 275
1 3 AW1550 451 171 398
3 10 RG8806 601 334 155
10 2 OE8680 797 276 710
2 13 YM9003 851 343 751
13 19 QA3563 510 217 841
13 10 PN6480 751 269 298
19 5 TW0908 673 484 332
19 12 GY2450 889 279 519
12 13 CI0640 70 64 927
13 17 EC1796 619 281 354
5 19 US2504 205 97 759
10 13 GX5408 533 376 448
15 9 QC0564 865 573 338
19 12 UN2089 897 733 733
10 5 CR0005 793 169 909
10 15 YS6922 346 214 504
13 11 SY0295 754 403 400
1 17 JA6806 701 92 215
19 11 OO7804 453 1 185
11 6 PU4070 685 577 679
1 19 IK7062 477 31 273
1 19 LQ6920 805 427 690
5 13 QM6608 703 415 166
10 7 AE2564 301 241 178
5 7 UA2666 871 51 329
13 19 II8424 476 226 415
15 19 AS6005 833 271 478
5 7 HR8104 897 286 852
1 7 CE7115 761 251 909
1 10 UN9688 721 247 410
1 12 CW0829 631 46 850
10 15 AQ4046 545 303 645
7 13 OI8328 805 577 476
13 15 IS3268 769 657 726
20 7 IW0130 409 351 654
16 17 XM0290 685 271 537
