200
13 2 IK9798 551 397 506
2 10 QW0006 568 565 784
10 50 QA6241 585 379 441
50 1 VQ0285 631 429 777
1 28 ZC0054 801 751 224
28 37 SD9995 349 123 222
37 32 CC0206 886 377 541
32 30 OA0622 648 55 418
30 46 KM6410 222 27 516
46 19 JC4426 676 579 493
19 47 JM4008 783 410 257
47 33 KA2080 769 217 972
33 41 QA0786 472 457 399
41 24 WU0078 766 190 602
24 34 GS2484 365 73 892
34 27 ZA2047 785 524 149
27 42 IL5600 717 577 971
42 49 EV5608 719 373 581
49 18 OW5048 568 397 810
18 9 NY8458 879 351 414
9 48 KO7061 657 311 585
48 23 GF8526 742 397 505
23 35 HC4400 881 551 333
35 31 IA0005 645 417 371
31 8 WR2600 361 291 615
8 7 QO6258 813 376 323
7 12 CU2500 381 287 271
12 6 RK0408 725 301 365
6 5 ZY7084 488 301 928
5 3 KW4005 883 397 526
3 22 PB6440 544 442 165
22 43 UU6683 382 317 111
43 36 NE4815 626 121 534
36 11 XG9288 781 577 681
11 40 WR0286 829 321 413
40 26 AA4090 651 334 890
26 4 NQ0080 376 244 908
4 44 MG7702 746 478 213
44 17 QQ0608 291 289 603
17 39 HQ0087 877 465 850
39 38 VH6882 353 176 778
38 15 AB6000 505 424 252
15 14 MT9050 685 622 137
14 25 PF6082 241 208 830
25 16 SM5046 264 205 566
16 29 UG5540 376 289 942
29 20 KY8600 697 346 441
20 21 EW8050 676 283 890
21 45 GY8662 803 289 424
45 0 TQ0404 688 129 602
45 21 HI2032 450 73 403
21 20 FE5260 775 689 459
20 29 DR2085 769 451 588
29 16 IE6015 681 625 677
16 25 OV8042 291 1 271
25 14 NP0407 685 481 667
14 15 IY0667 307 161 962
15 38 EJ6403 337 109 507
38 39 RE0608 561 209 348
39 17 EC2801 375 289 659
17 44 UA4245 717 487 930
44 4 QC6054 593 147 728
4 26 IU0004 613 26 354
26 40 EO2455 781 721 105
40 11 AS6005 833 271 478
11 36 UW9581 445 381 481
36 43 AA4680 118 52 589
43 22 VP0542 136 1 389
22 3 QM8080 346 265 464
3 5 KY0243 676 1 243
5 6 AE2460 237 58 786
6 12 OA0444 388 327 631
12 7 ME6020 601 523 769
7 8 EE8866 365 282 708
8 31 WA1300 409 227 781
31 35 NX8029 685 541 490
35 23 JV5408 629 591 558
23 48 OU0644 379 156 357
48 9 AI3225 739 551 360
9 18 GC0004 889 497 744
18 49 YE0215 601 550 148
49 42 NE0030 865 681 999
42 27 LA6005 856 461 892
27 34 GS7906 781 103 718
34 24 LI0660 229 73 111
24 41 NQ9222 801 253 204
41 33 OA4020 835 19 505
33 47 NE4203 729 196 853
47 19 WJ6725 849 307 286
19 46 MN4488 366 94 940
46 30 AJ2505 559 446 478
30 32 KP0505 325 149 896
32 37 AG1598 197 77 659
37 28 GU0014 511 292 797
28 1 SA1520 367 53 353
1 50 GK6080 340 266 416
50 10 BZ0330 581 550 412
10 2 AE5405 395 269 848
2 13 WC0626 391 327 184
13 45 CQ0540 776 424 418
3 5 OI8285 208 109 506
29 13 AY5727 583 82 747
16 26 DE2690 649 385 651
24 9 BZ7000 276 181 571
23 33 WE0026 209 1 993
39 10 AA0088 641 26 512
3 27 IE4600 772 186 240
48 28 VW7490 828 193 952
27 13 AU8000 511 246 289
39 31 WA4500 706 670 969
24 26 RI8440 720 305 392
35 41 XT0225 235 79 808
44 34 MU6520 760 121 946
34 3 EU5028 541 316 534
27 1 WH8110 267 233 877
42 9 GA0560 580 117 190
6 45 UD9305 835 753 339
34 49 GG2327 883 315 887
26 22 MC0005 891 563 166
3 49 BB8147 649 379 770
44 10 NA0544 669 151 691
17 13 AO5900 463 91 738
6 25 CE0658 649 513 478
25 12 PC0526 367 339 152
7 9 UA6079 605 57 579
5 26 WG0206 621 361 798
34 22 AA0389 384 217 165
21 17 KE8080 591 571 571
31 9 PQ2604 748 271 617
9 6 NM5030 619 276 787
12 29 KK8026 381 236 114
22 37 KA0704 727 276 434
4 1 EH0462 793 404 431
8 10 YN4458 865 425 423
6 27 EC0260 463 223 889
3 10 AT2006 360 322 485
13 3 CC8008 576 343 665
13 44 GB4040 661 577 680
8 13 YO0482 694 486 758
28 37 WE6044 835 826 178
30 43 SN0026 393 181 607
33 29 YI3745 816 189 615
10 13 WR6265 899 161 684
10 28 UB0980 586 295 834
3 6 SM4218 277 1 918
19 11 MQ3088 643 317 504
7 20 CI0400 287 120 191
19 27 AZ0881 391 63 913
19 3 AS8569 845 588 751
7 3 MI0860 859 35 223
22 15 SS2059 583 19 517
9 7 EC9680 805 472 822
25 3 NO8480 365 289 393
13 1 HV0634 405 111 723
26 10 WA2310 301 80 817
44 16 IW7341 571 211 881
9 15 ZY8525 264 1 130
13 3 AS4023 865 772 100
44 39 MI0689 553 262 288
6 13 BO4836 201 28 166
20 18 GA9808 648 189 995
24 1 SA2408 361 5 814
17 9 BR2062 733 195 735
38 3 TA0040 846 352 922
36 48 SP5400 841 1 934
39 43 TM4788 501 383 793
49 24 QQ8330 365 63 129
10 12 CX4064 616 145 108
44 16 EK0555 853 1 933
13 15 TE2020 861 100 343
25 16 ST8048 585 447 627
29 43 GU9040 169 151 377
7 13 VQ0850 517 400 557
25 11 IU0601 613 303 250
22 13 GJ2109 751 1 507
43 22 JH9040 177 120 436
33 26 CQ5879 879 423 587
10 36 MA8460 793 376 584
27 38 KK7290 495 469 986
33 17 QI6916 613 46 493
27 19 UM6704 605 373 949
19 9 MI6468 635 121 751
24 13 CK3030 391 346 327
29 10 NM4920 245 121 350
24 44 IC0275 157 97 228
8 21 AY6886 614 421 745
26 25 BH6616 826 761 397
13 35 CU1000 421 107 408
13 50 KO5643 801 74 464
22 3 YG8972 721 181 520
28 21 QW4086 469 111 113
7 39 AS0270 744 421 185
21 13 AE6021 415 66 524
19 11 OP6612 670 1 134
39 49 KQ7450 726 325 206
43 8 UY8802 501 141 183
37 13 CW2200 833 757 490
18 24 CS0042 280 13 564
39 37 WA8720 834 123 784
18 8 BU6424 389 297 705
