50
200
38 22 UO7054 475 345 271
22 35 CW6925 855 765 570
35 11 XP1265 405 241 523
11 43 GB2952 431 81 356
43 1 WC0540 437 220 356
1 36 ZG7060 726 565 323
36 8 QD2965 865 631 408
8 30 YM0286 461 301 430
30 46 YS7628 649 117 124
46 29 OA0453 463 13 268
29 9 BS6007 543 420 506
9 39 WC0445 309 65 507
39 13 WW5018 861 316 535
13 3 OM0422 721 388 388
3 5 YS8200 721 82 462
5 45 VC4692 633 587 239
45 14 SY8205 256 136 210
14 40 IN0585 101 101 806
40 31 UO0536 459 349 691
31 17 NR9280 883 357 625
17 25 NM2000 655 205 563
25 2 ZK0004 637 31 740
2 47 MM5000 874 187 764
47 10 FI6002 711 321 968
10 27 UL6003 879 572 971
27 20 AI9505 809 245 369
20 16 CN0065 279 11 224
16 19 IA9060 389 69 205
19 26 QA0004 880 46 168
26 49 HI0048 625 533 946
49 34 MG3844 457 116 202
34 33 QE4120 569 252 436
33 24 ZO7780 725 91 924
24 42 YF1468 703 279 693
42 28 NO4806 657 601 152
28 15 EG8619 464 69 265
15 37 KF7580 756 179 934
37 21 YM8665 722 46 337
21 12 GN4602 586 277 338
12 50 BQ4806 437 136 568
50 6 GI5560 818 648 728
6 41 WY6252 253 101 157
41 44 FA4808 628 173 904
44 4 JN8501 301 22 891
4 7 FS2406 861 141 364
7 18 CK5801 221 132 356
18 48 MC5314 811 760 680
48 32 XN1000 617 603 591
32 23 PW2697 661 613 579
23 0 MU4020 793 676 284
32 23 DC2098 113 42 849
48 32 IH4400 817 71 265
18 48 CC6501 226 105 106
7 18 AE2860 541 83 154
4 7 PO4698 718 460 472
44 4 CN1258 541 199 926
41 44 XO8040 687 40 239
6 41 XY0304 797 40 157
50 6 YY0074 826 731 163
12 50 EE0600 793 229 237
21 12 IJ3280 289 106 884
37 21 XZ8344 364 257 259
15 37 YI9602 841 49 732
28 15 QW3798 871 721 936
42 28 QE0483 745 351 454
24 42 AO9823 325 127 884
33 24 AS0474 409 276 383
34 33 OS7260 689 350 946
49 34 OJ4532 803 493 873
26 49 AA9558 605 76 389
19 26 YP8680 619 139 563
16 19 NR2205 661 631 455
20 16 CV0084 305 222 738
27 20 VO0000 601 301 596
10 27 WO2882 727 205 798
47 10 JW4600 505 81 876
2 47 KN1444 374 281 257
25 2 HE0180 897 793 228
17 25 QE1200 334 85 147
31 17 QQ7047 145 61 285
40 31 CK3044 269 73 556
14 40 WC0264 563 217 311
45 14 XA4826 334 82 423
5 45 BU8852 433 333 616
3 5 XQ2814 839 161 800
13 3 OA4208 845 823 850
39 13 OW8065 701 261 216
9 39 NS6000 540 277 220
29 9 LA2206 543 413 394
46 29 NV4005 613 51 625
30 46 EA0309 649 169 993
8 30 CC0245 695 415 262
36 8 JN8142 701 541 756
1 36 AC0631 769 154 963
43 1 XM7026 772 518 470
11 43 WA0001 498 151 166
35 11 AS6818 283 225 333
22 35 OK0126 796 614 629
38 22 OC5509 695 73 719
23 38 HA5600 846 604 773
32 6 KO0063 827 244 339
5 3 UY0000 52 51 324
15 4 SE5937 877 694 254
15 50 IE8002 751 451 914
19 18 CR5643 725 337 275
17 38 KS5905 706 583 187
27 43 AF4047 581 181 232
19 49 IH3699 261 133 291
15 39 UQ8602 166 53 935
29 4 NK9050 401 321 119
8 43 ZO5483 536 187 432
33 15 PF0800 769 145 858
23 36 DP0608 401 301 624
38 16 GR2350 453 385 576
29 40 OA7483 185 109 411
18 3 JN4532 601 397 470
38 19 GG0760 569 69 888
41 26 UB8808 341 163 711
45 19 BJ4505 505 154 840
23 1 KY9624 643 642 804
36 3 TZ4373 721 559 243
49 38 MB0286 661 191 622
40 34 EO9526 873 91 454
10 13 AS6000 656 577 555
38 21 AA6886 492 253 631
1 27 KW7622 646 421 492
6 50 PC0220 889 339 255
31 16 EU3809 621 177 922
29 38 AO2030 892 469 776
48 38 CG6400 715 61 752
38 50 KR8801 394 239 305
37 39 KZ6563 556 70 728
35 20 DS3025 466 415 399
7 41 YA9848 691 229 442
50 49 QC0061 897 417 914
21 41 QA0200 868 151 170
42 35 KP2505 441 201 796
19 1 GC5565 845 610 373
39 42 LP8908 71 1 834
45 1 WF1682 609 101 137
5 15 KU0004 681 186 453
38 30 AE2666 673 436 437
5 45 HC4575 658 383 371
18 45 FP9404 793 601 949
20 38 FQ4509 711 601 774
23 40 OA0148 589 41 303
3 4 CE2800 421 330 650
4 43 EU2406 825 671 241
17 1 KB9502 880 326 273
15 23 IB3555 505 133 773
37 29 NQ4000 801 697 982
42 49 WW0660 592 179 396
29 12 QO6440 505 470 369
47 29 YM4582 799 670 335
29 50 CW1803 418 319 561
15 49 LK4460 821 72 245
10 50 KO3025 830 661 728
29 27 WV3849 631 43 732
4 24 YM8045 649 440 591
42 38 UM0050 261 33 758
50 7 KA2542 865 127 967
50 23 PQ2888 223 204 437
12 8 HY7605 865 323 808
29 10 QC5290 349 88 733
38 17 AF8573 670 421 577
19 29 FM6002 568 141 881
34 18 UW0886 469 427 633
27 36 CY5599 841 421 674
29 19 IT6064 633 335 449
27 50 EQ5816 92 22 743
22 18 YO6000 118 111 233
49 7 YV0000 759 73 374
9 15 OK0900 509 185 577
27 36 HC5598 657 63 802
29 38 QU6575 362 136 595
3 21 GC4468 337 139 191
31 48 AR0698 624 461 863
27 19 OW4758 856 717 806
50 39 YM8280 770 541 312
41 22 JM0480 404 145 293
6 2 UW4502 865 419 253
31 2 MM0630 842 61 792
10 30 PA6440 572 421 310
36 18 GM4008 649 172 774
49 36 CN0409 205 85 467
47 23 AX4120 673 1 603
38 12 AI7426 429 1 957
17 38 GS7002 706 137 261
25 2 UA6902 894 886 174
29 15 JX6045 603 71 756
17 11 IA4200 1 1 934
45 43 IM0007 791 553 535
38 2 KB4002 774 21 339
45 4 SC0200 770 364 545
39 49 YI6946 61 23 428
17 40 PG8004 369 283 525
24 18 FO0520 215 196 892
15 14 AK3025 151 46 840
49 34 KE5280 793 413 991
44 15 SC0900 259 125 386
